Raw file	Experiment	Fraction	Enzyme	Enzyme mode	Enzyme first search	Enzyme mode first search	Use enzyme first search	Variable modifications	Variable modifications first search	Use variable modifications first search	Multiplicity	Max. missed cleavages	Max. labeled AAs	Labels0	Labels1	Labels2	LC-MS run type	Time-dependent recalibration	MS	MS/MS	MS/MS Submitted	MS/MS Submitted (SIL)	MS/MS Submitted (ISO)	MS/MS Submitted (PEAK)	MS/MS Identified	MS/MS Identified (SIL)	MS/MS Identified (ISO)	MS/MS Identified (PEAK)	MS/MS Identified [%]	MS/MS Identified (SIL) [%]	MS/MS Identified (ISO) [%]	MS/MS Identified (PEAK) [%]	Peptide Sequences Identified	Peaks	Peaks Sequenced	Peaks Sequenced [%]	Peaks Repeatedly Sequenced	Peaks Repeatedly Sequenced [%]	Isotope Patterns	Isotope Patterns Sequenced	Isotope Patterns Sequenced (z>1)	Isotope Patterns Sequenced [%]	Isotope Patterns Sequenced (z>1) [%]	Isotope Patterns Repeatedly Sequenced	Isotope Patterns Repeatedly Sequenced [%]	Multiplets	Multiplets z=1	Multiplets z=2	Multiplets z=3	Multiplets z=4	Multiplets z=5	Multiplets z=6	Multiplets z=7	Multiplets Sequenced	Multiplets Sequenced [%]	Multiplets Repeatedly Sequenced	Multiplets Repeatedly Sequenced [%]	Multiplets Identified	Multiplets Identified [%]	Recalibrated	Av. Absolute Mass Deviation [ppm]	Mass Standard Deviation [ppm]	Av. Absolute Mass Deviation [mDa]	Mass Standard Deviation [mDa]	Label free norm param
2013114_CCS_ERKi_30min_P01	ERK1	1	Trypsin/P	Specific			False	Acetyl (Protein N-term);Oxidation (M)		False	3	2	3		Arg6;Lys4	Arg10;Lys8	Standard		14084	106853	126365	47436	39905	39024	57056	35449	18650	2957	45.15	74.73	46.74	7.58	26623	2461069	101356	4.12	1551	1.53	326967	82979	80181	25.38	28.27	3858	4.65	32547	2656	13761	12298	3224	556	49	3	22969	70.57	15477	67.38	17157	74.7	+	0.46747	0.64349	0.30927	0.46171	
2013114_CCS_ERKi_30min_P02	ERK1	2	Trypsin/P	Specific			False	Acetyl (Protein N-term);Oxidation (M)		False	3	2	3		Arg6;Lys4	Arg10;Lys8	Standard		23212	68195	92390	16623	27377	48390	2817	2101	676	40	3.05	12.64	2.47	0.08	1253	2106823	60085	2.85	1748	2.91	144735	39923	35600	27.58	36.11	3332	8.35	10404	2215	5384	2469	290	36	10	0	7719	74.19	5402	69.98	1025	13.28	+	0.82343	1.0139	0.61964	0.82355	
2013114_CCS_ERKi_30min_P03	ERK1	3	Trypsin/P	Specific			False	Acetyl (Protein N-term);Oxidation (M)		False	3	2	3		Arg6;Lys4	Arg10;Lys8	Standard		28872	46162	67760	9833	14731	43196	1000	839	157	4	1.48	8.53	1.07	0.01	538	1868071	39275	2.1	1123	2.86	70006	21116	19350	30.16	42.92	2967	14.05	4279	333	1254	2296	381	14	0	1	3846	89.88	3213	83.54	507	13.18	+	0.79388	0.96191	0.65028	0.80311	
2013114_CCS_ERKi_30min_P04	ERK1	4	Trypsin/P	Specific			False	Acetyl (Protein N-term);Oxidation (M)		False	3	2	3		Arg6;Lys4	Arg10;Lys8	Standard		16613	96541	112911	46915	33256	32740	45716	30033	13494	2189	40.49	64.02	40.58	6.69	22889	1991402	90809	4.56	1958	2.16	265688	75413	72552	28.38	34.55	4126	5.47	31684	5097	20049	5833	662	38	4	1	22301	70.39	15435	69.21	14471	64.89	+	0.51125	0.70389	0.34012	0.489	
2013114_CCS_ERKi_30min_P05	ERK1	5	Trypsin/P	Specific			False	Acetyl (Protein N-term);Oxidation (M)		False	3	2	3		Arg6;Lys4	Arg10;Lys8	Standard		16023	98281	118585	43910	34067	40608	41304	27901	11852	1551	34.83	63.54	34.79	3.82	18207	2197085	91154	4.15	1999	2.19	267824	72259	69308	26.98	30.8	4958	6.86	27054	2290	9164	14206	1257	132	5	0	20049	74.11	14001	69.83	12699	63.34	+	0.48172	0.65421	0.31009	0.44599	
2013114_CCS_ERKi_30min_P06	ERK1	6	Trypsin/P	Specific			False	Acetyl (Protein N-term);Oxidation (M)		False	3	2	3		Arg6;Lys4	Arg10;Lys8	Standard		36329	18460	30088	2431	4399	23258	213	160	52	1	0.71	6.58	1.18	0	102	1732015	15245	0.88	557	3.65	45784	5603	5211	12.24	17.25	821	14.65	1117	0	182	826	108	1	0	0	916	82.01	697	76.09	90	9.83	+	0.40823	0.48397	0.29974	0.36651	
2013114_CCS_MEKi_30min_P01	MEK1	1	Trypsin/P	Specific			False	Acetyl (Protein N-term);Oxidation (M)		False	3	2	3		Arg6;Lys4	Arg10;Lys8	Standard		14056	106691	126408	47762	39212	39434	55907	35253	17885	2769	44.23	73.81	45.61	7.02	25920	2523072	100987	4	1839	1.82	332192	82266	79222	24.76	27.86	4141	5.03	33273	3529	14138	12110	2943	499	45	9	22929	68.91	15521	67.69	16816	73.34	+	0.47072	0.6512	0.30968	0.46421	
2013114_CCS_MEKi_30min_P02	MEK1	2	Trypsin/P	Specific			False	Acetyl (Protein N-term);Oxidation (M)		False	3	2	3		Arg6;Lys4	Arg10;Lys8	Standard		22779	69644	94239	17063	27986	49190	2978	2232	673	73	3.16	13.08	2.4	0.15	1345	2221735	61010	2.75	1882	3.08	155774	40513	35880	26.01	34.98	3659	9.03	11216	2761	5723	2397	281	47	6	1	7958	70.95	5457	68.57	1078	13.55	+	0.7944	0.9761	0.59085	0.78046	
2013114_CCS_MEKi_30min_P03	MEK1	3	Trypsin/P	Specific			False	Acetyl (Protein N-term);Oxidation (M)		False	3	2	3		Arg6;Lys4	Arg10;Lys8	Standard		27135	52876	74964	13165	17621	44178	1746	1436	299	11	2.33	10.91	1.7	0.02	922	2271962	45215	1.99	1218	2.69	94721	26737	25004	28.23	41.7	3423	12.8	5764	195	2118	3009	430	12	0	0	5240	90.91	4337	82.77	864	16.49	+	0.77521	0.94476	0.63413	0.80077	
2013114_CCS_MEKi_30min_P04	MEK1	4	Trypsin/P	Specific			False	Acetyl (Protein N-term);Oxidation (M)		False	3	2	3		Arg6;Lys4	Arg10;Lys8	Standard		16550	96578	113772	46585	32799	34388	45106	29751	13069	2286	39.65	63.86	39.85	6.65	22592	2168933	90335	4.16	2167	2.4	269740	74258	71340	27.53	34.95	4410	5.94	31842	5773	20461	5088	495	24	1	0	22020	69.15	15270	69.35	14207	64.52	+	0.50922	0.70325	0.3369	0.49038	
2013114_CCS_MEKi_30min_P05	MEK1	5	Trypsin/P	Specific			False	Acetyl (Protein N-term);Oxidation (M)		False	3	2	3		Arg6;Lys4	Arg10;Lys8	Standard		16047	97953	118990	43172	33744	42074	39424	26823	11314	1287	33.13	62.13	33.53	3.06	17513	2231039	90178	4.04	2055	2.28	267655	71100	68007	26.56	30.76	4981	7.01	27025	2740	9368	13647	1161	100	8	1	19687	72.85	13665	69.41	12185	61.89	+	0.48567	0.65304	0.3101	0.44184	
2013114_CCS_MEKi_30min_P06	MEK1	6	Trypsin/P	Specific			False	Acetyl (Protein N-term);Oxidation (M)		False	3	2	3		Arg6;Lys4	Arg10;Lys8	Standard		18135	90004	116764	32237	31007	53520	25473	18935	5962	576	21.82	58.74	19.23	1.08	10582	2701865	80240	2.97	2209	2.75	264112	57344	55483	21.71	24.43	4989	8.7	19791	442	3711	8640	5450	1344	167	37	14441	72.97	10067	69.71	8748	60.58	+	0.66418	0.84195	0.37399	0.5093	
2013114_CCS_RAFi_30min_P01	RAF1	1	Trypsin/P	Specific			False	Acetyl (Protein N-term);Oxidation (M)		False	3	2	3		Arg6;Lys4	Arg10;Lys8	Standard		14044	106477	124001	49892	39061	35048	56107	35900	17650	2557	45.25	71.96	45.19	7.3	26481	2582465	101642	3.94	1501	1.48	347090	84827	81714	24.44	27.85	3625	4.27	35856	3901	15005	12917	3381	592	50	10	24339	67.88	16212	66.61	17444	71.67	+	0.48744	0.6683	0.32053	0.4707	
2013114_CCS_RAFi_30min_P02	RAF1	2	Trypsin/P	Specific			False	Acetyl (Protein N-term);Oxidation (M)		False	3	2	3		Arg6;Lys4	Arg10;Lys8	Standard		22868	69223	91512	19294	27636	44582	3028	2388	589	51	3.31	12.38	2.13	0.11	1390	2151160	62100	2.89	1617	2.6	152851	42961	39034	28.11	37.33	3284	7.64	12778	2701	6437	3170	401	58	10	1	9121	71.38	6286	68.92	1191	13.06	+	0.68538	0.85395	0.50944	0.69069	
2013114_CCS_RAFi_30min_P03	RAF1	3	Trypsin/P	Specific			False	Acetyl (Protein N-term);Oxidation (M)		False	3	2	3		Arg6;Lys4	Arg10;Lys8	Standard		29474	44133	61713	12410	14143	35160	969	868	97	4	1.57	6.99	0.69	0.01	554	1994925	39324	1.97	857	2.18	81938	23462	22179	28.63	41.52	2762	11.77	5367	124	1706	2965	551	21	0	0	4905	91.39	4104	83.67	578	11.78	+	0.70821	0.84101	0.57036	0.68697	
2013114_CCS_RAFi_30min_P04	RAF1	4	Trypsin/P	Specific			False	Acetyl (Protein N-term);Oxidation (M)		False	3	2	3		Arg6;Lys4	Arg10;Lys8	Standard		16265	96857	111170	50039	32505	28626	42087	29337	11293	1457	37.86	58.63	34.74	5.09	21702	2167227	92180	4.25	1719	1.86	286099	78475	75668	27.43	33.44	3513	4.48	36004	5831	22253	7131	760	24	3	2	24574	68.25	16529	67.26	14668	59.69	+	0.51708	0.7103	0.33984	0.4876	
2013114_CCS_RAFi_30min_P05	RAF1	5	Trypsin/P	Specific			False	Acetyl (Protein N-term);Oxidation (M)		False	3	2	3		Arg6;Lys4	Arg10;Lys8	Standard		15284	100249	118653	46477	35368	36808	39009	27467	10516	1026	32.88	59.1	29.73	2.79	17688	2281808	94139	4.13	1785	1.9	287456	76614	73211	26.65	30.53	4553	5.94	30290	3001	10455	15148	1569	108	9	0	21767	71.86	14898	68.44	12845	59.01	+	0.5006	0.67594	0.32431	0.4658	
2013114_CCS_RAFi_30min_P06	RAF1	6	Trypsin/P	Specific			False	Acetyl (Protein N-term);Oxidation (M)		False	3	2	3		Arg6;Lys4	Arg10;Lys8	Standard		19532	83628	105126	33229	28899	42998	19856	16039	3494	323	18.89	48.27	12.09	0.75	8904	2613625	76144	2.91	1766	2.32	261692	57345	55618	21.91	24.57	3992	6.96	21724	537	4724	9256	5730	1329	128	20	15372	70.76	10445	67.95	7949	51.71	+	0.64892	0.81837	0.34611	0.46729	
20131114_CCS_EV_A375_RAFi_30min_S01	RAF1	7	Trypsin/P	Specific			False	Acetyl (Protein N-term);Oxidation (M);Phospho (STY)		False	3	2	3		Arg6;Lys4	Arg10;Lys8	Standard		14792	83774	123275	19578	24695	79002	10023	7827	1772	424	8.13	39.98	7.18	0.54	2537	1646818	70273	4.27	4441	6.32	108003	36154	30962	33.47	42.12	5986	16.56	7414	182	4221	2525	375	86	16	9	6646	89.64	5530	83.21	2783	41.87	+	0.58467	0.72491	0.47047	0.61449	
20131114_CCS_EV_A375_RAFi_30min_S02_12	RAF1	8	Trypsin/P	Specific			False	Acetyl (Protein N-term);Oxidation (M);Phospho (STY)		False	3	2	3		Arg6;Lys4	Arg10;Lys8	Standard		13320	88692	129375	22546	25463	81366	10376	8258	1736	382	8.02	36.63	6.82	0.47	2769	1738468	73300	4.22	4645	6.34	122072	38748	34546	31.74	40.41	6846	17.67	8412	171	3878	3740	494	96	24	9	7429	88.31	6190	83.32	2777	37.38	+	0.62903	0.77223	0.46602	0.60416	
20131114_CCS_EV_A375_RAFi_30min_S03_4_5_6	RAF1	9	Trypsin/P	Specific			False	Acetyl (Protein N-term);Oxidation (M);Phospho (STY)		False	3	2	3		Arg6;Lys4	Arg10;Lys8	Standard		12248	92311	126942	27837	29843	69262	19327	14882	3815	630	15.23	53.46	12.78	0.91	5246	1909530	78251	4.1	4020	5.14	154752	48534	45736	31.36	36.62	6988	14.4	11989	249	4331	5737	1458	169	36	9	9931	82.83	8014	80.7	5288	53.25	+	0.57127	0.73163	0.39121	0.53082	
20131114_CCS_EV_A375_RAFi_30min_S07_8	RAF1	10	Trypsin/P	Specific			False	Acetyl (Protein N-term);Oxidation (M);Phospho (STY)		False	3	2	3		Arg6;Lys4	Arg10;Lys8	Standard		13407	89412	132603	17664	28557	86382	10726	8358	2068	300	8.09	47.32	7.24	0.35	2816	1869118	71259	3.81	4044	5.68	119892	36931	34918	30.8	36.27	6948	18.81	6828	35	1097	3783	1590	268	46	9	6015	88.09	4941	82.14	2862	47.58	+	0.54421	0.68478	0.35347	0.46173	
20131114_CCS_EV_A375_RAFi_30min_S09_10_11	RAF1	11	Trypsin/P	Specific			False	Acetyl (Protein N-term);Oxidation (M);Phospho (STY)		False	3	2	3		Arg6;Lys4	Arg10;Lys8	Standard		13927	88668	143384	6894	27058	109432	3850	2704	1003	143	2.69	39.22	3.71	0.13	1141	2197749	66469	3.02	2980	4.48	103343	27120	25361	26.24	31.99	5262	19.4	2815	17	299	1121	949	306	96	27	2500	88.81	2054	82.16	972	38.88	+	0.67931	0.83284	0.42296	0.55237	
20131114_CCS_EV_A375_RAFi_30min_S013_14	RAF1	12	Trypsin/P	Specific			False	Acetyl (Protein N-term);Oxidation (M);Phospho (STY)		False	3	2	3		Arg6;Lys4	Arg10;Lys8	Standard		14518	85260	124300	24062	22158	78080	10289	9102	1018	169	8.28	37.83	4.59	0.22	3153	1608430	66230	4.12	4210	6.36	115476	37036	35233	32.07	38.88	7114	19.21	9006	77	2930	4907	1003	79	9	1	7883	87.53	6541	82.98	3372	42.78	+	0.55996	0.69998	0.36433	0.47346	
20131114_CCS_EV_A375_RAFi_30min_S015	RAF1	13	Trypsin/P	Specific			False	Acetyl (Protein N-term);Oxidation (M);Phospho (STY)		False	3	2	3		Arg6;Lys4	Arg10;Lys8	Standard		16993	76793	123556	12681	17349	93526	3286	2993	260	33	2.66	23.6	1.5	0.04	1162	1467855	57026	3.88	3284	5.76	76063	23776	20652	31.26	43.56	4377	18.41	4346	56	2559	1501	204	19	4	3	4024	92.59	3442	85.54	1237	30.74	+	0.49215	0.62271	0.36277	0.48426	
20131116_CCs_EV_A375_ERKi_30min_S01	ERK1	7	Trypsin/P	Specific			False	Acetyl (Protein N-term);Oxidation (M);Phospho (STY)		False	3	2	3		Arg6;Lys4	Arg10;Lys8	Standard		14927	83134	123437	16829	26002	80606	6187	4966	1017	204	5.01	29.51	3.91	0.25	1765	1659187	67392	4.06	3844	5.7	109525	35714	30843	32.61	41.64	5382	15.07	6748	358	4236	1893	213	38	7	3	5897	87.39	4823	81.79	1908	32.36	+	0.60574	0.74194	0.47926	0.61165	
20131116_CCs_EV_A375_ERKi_30min_S01_131121210011	ERK1b	7	Trypsin/P	Specific			False	Acetyl (Protein N-term);Oxidation (M);Phospho (STY)		False	3	2	3		Arg6;Lys4	Arg10;Lys8	Standard		14981	83638	128515	14935	23826	89754	5643	4382	1037	224	4.39	29.34	4.35	0.25	1494	1594679	63670	3.99	3983	6.26	96303	31459	27313	32.67	40.26	5122	16.28	5642	270	3605	1581	159	21	5	1	4970	88.09	4079	82.07	1466	29.5	+	0.60284	0.74477	0.46943	0.60311	
20131116_CCs_EV_A375_ERKi_30min_S02_12	ERK1	8	Trypsin/P	Specific			False	Acetyl (Protein N-term);Oxidation (M);Phospho (STY)		False	3	2	3		Arg6;Lys4	Arg10;Lys8	Standard		17887	75320	125912	8132	16596	101184	1020	903	84	33	0.81	11.1	0.51	0.03	243	1484989	46679	3.14	2889	6.19	79516	20114	17859	25.3	34.03	3301	16.41	3181	295	2200	639	46	1	0	0	2711	85.22	2156	79.53	238	8.78	+	0.5247	0.64967	0.37517	0.50487	
20131116_CCs_EV_A375_ERKi_30min_S02_12_131122013411	ERK1b	8	Trypsin/P	Specific			False	Acetyl (Protein N-term);Oxidation (M);Phospho (STY)		False	3	2	3		Arg6;Lys4	Arg10;Lys8	Standard		16328	80237	133465	8856	18153	106456	1271	1193	45	33	0.95	13.47	0.25	0.03	241	1507546	49073	3.26	3224	6.57	85304	21539	19050	25.25	32.06	3523	16.36	3515	295	2447	725	44	4	0	0	2885	82.08	2217	76.85	250	8.67	+	0.55352	0.72882	0.35949	0.46932	
20131116_CCs_EV_A375_ERKi_30min_S03_4_5_6	ERK1	9	Trypsin/P	Specific			False	Acetyl (Protein N-term);Oxidation (M);Phospho (STY)		False	3	2	3		Arg6;Lys4	Arg10;Lys8	Standard		14167	87303	132821	17993	23792	91036	9047	7039	1666	342	6.81	39.12	7	0.38	2262	1795552	64061	3.57	4105	6.41	126847	33436	31609	26.36	30.15	6038	18.06	6984	151	2419	3770	600	37	7	0	5959	85.32	4809	80.7	2271	38.11	+	0.61823	0.77502	0.40749	0.53253	
20131116_CCs_EV_A375_ERKi_30min_S03_4_5_6_131122061521	ERK1b	9	Trypsin/P	Specific			False	Acetyl (Protein N-term);Oxidation (M);Phospho (STY)		False	3	2	3		Arg6;Lys4	Arg10;Lys8	Standard		13507	89348	136342	17864	24490	93988	10144	7546	2059	539	7.44	42.24	8.41	0.57	2500	1775170	65314	3.68	4186	6.41	125503	33277	31214	26.51	30.51	6501	19.54	6753	165	2471	3532	542	34	7	2	5713	84.6	4600	80.52	2288	40.05	+	0.56944	0.72289	0.38223	0.5037	
20131116_CCs_EV_A375_ERKi_30min_S07_8	ERK1	10	Trypsin/P	Specific			False	Acetyl (Protein N-term);Oxidation (M);Phospho (STY)		False	3	2	3		Arg6;Lys4	Arg10;Lys8	Standard		15723	83077	130503	12846	22805	94852	6517	4937	1286	294	4.99	38.43	5.64	0.31	1713	1879221	60012	3.19	3367	5.61	112666	28075	26816	24.92	28.8	5584	19.89	4928	31	834	2687	1217	146	12	1	4270	86.65	3500	81.97	1665	38.99	+	0.61478	0.74434	0.3919	0.49532	
20131116_CCs_EV_A375_ERKi_30min_S07_8_131122105649	ERK1b	10	Trypsin/P	Specific			False	Acetyl (Protein N-term);Oxidation (M);Phospho (STY)		False	3	2	3		Arg6;Lys4	Arg10;Lys8	Standard		14549	86633	136405	13192	23669	99544	7654	5523	1802	329	5.61	41.87	7.61	0.33	1993	1825504	61846	3.39	3539	5.72	109242	28962	27592	26.51	30.63	5648	19.5	4995	33	972	2810	1069	104	7	0	4325	86.59	3541	81.87	1776	41.06	+	0.63035	0.76936	0.40145	0.50467	
20131116_CCs_EV_A375_ERKi_30min_S09_10_11	ERK1	11	Trypsin/P	Specific			False	Acetyl (Protein N-term);Oxidation (M);Phospho (STY)		False	3	2	3		Arg6;Lys4	Arg10;Lys8	Standard		14516	87313	137029	6743	30854	99432	2458	1679	723	56	1.79	24.9	2.34	0.06	708	2201005	65269	2.97	2302	3.53	128867	32200	30695	24.99	29.63	4442	13.8	3339	22	421	1257	1189	344	80	26	2784	83.38	2081	74.75	668	23.99	+	0.68091	0.84697	0.3806	0.49891	
20131116_CCs_EV_A375_ERKi_30min_S09_10_11_131122154332	ERK1b	11	Trypsin/P	Specific			False	Acetyl (Protein N-term);Oxidation (M);Phospho (STY)		False	3	2	3		Arg6;Lys4	Arg10;Lys8	Standard		14202	88297	144078	5521	26995	111562	2076	1363	633	80	1.44	24.69	2.34	0.07	601	2136738	62420	2.92	2493	3.99	109240	26644	25077	24.39	29.36	4566	17.14	2451	17	390	945	778	240	64	17	2135	87.11	1687	79.02	532	24.92	+	0.73186	0.89939	0.41939	0.53202	
20131116_CCs_EV_A375_ERKi_30min_S013_14	ERK1	12	Trypsin/P	Specific			False	Acetyl (Protein N-term);Oxidation (M);Phospho (STY)		False	3	2	3		Arg6;Lys4	Arg10;Lys8	Standard		16237	80766	123619	17349	20564	85706	6636	5687	702	247	5.37	32.78	3.41	0.29	2100	1698531	58302	3.43	3308	5.67	119881	31199	29523	26.02	31.85	5275	16.91	6604	67	2328	3602	577	25	4	1	5749	87.05	4705	81.84	2043	35.54	+	0.71422	0.86525	0.44927	0.56919	
20131116_CCs_EV_A375_ERKi_30min_S013_14_131122203229	ERK1b	12	Trypsin/P	Specific			False	Acetyl (Protein N-term);Oxidation (M);Phospho (STY)		False	3	2	3		Arg6;Lys4	Arg10;Lys8	Standard		15698	82091	126164	16908	21110	88146	5026	4470	421	135	3.98	26.44	1.99	0.15	1702	1563320	58370	3.73	3425	5.87	108274	31121	29385	28.74	34.5	5447	17.5	6487	74	2396	3491	498	21	6	1	5660	87.25	4620	81.63	1714	30.28	+	0.70475	0.8616	0.43907	0.55127	
20131116_CCs_EV_A375_ERKi_30min_S015	ERK1	13	Trypsin/P	Specific			False	Acetyl (Protein N-term);Oxidation (M);Phospho (STY)		False	3	2	3		Arg6;Lys4	Arg10;Lys8	Standard		23292	58318	100796	6275	9565	84956	1562	1462	87	13	1.55	23.3	0.91	0.02	514	1704552	35018	2.05	2107	6.02	64241	12226	10800	19.03	31.76	2625	21.47	1997	24	1353	546	54	18	1	1	1819	91.09	1557	85.6	522	28.7	+	0.47065	0.60327	0.32088	0.42651	
20131116_CCs_EV_A375_ERKi_30min_S015_131123012154	ERK1b	13	Trypsin/P	Specific			False	Acetyl (Protein N-term);Oxidation (M);Phospho (STY)		False	3	2	3		Arg6;Lys4	Arg10;Lys8	Standard		33609	23870	45033	775	1932	42326	0	0	0	0	0	0	0	0	0	1379600	10640	0.77	420	3.95	26584	2185	1715	8.22	15.14	302	13.82	318	3	193	110	11	1	0	0	278	87.42	216	77.7	0	0	+					
20131116_CCs_EV_A375_MEKi_30min_S01	MEK1	7	Trypsin/P	Specific			False	Acetyl (Protein N-term);Oxidation (M);Phospho (STY)		False	3	2	3		Arg6;Lys4	Arg10;Lys8	Standard		15542	81775	130581	12962	20007	97612	6537	5183	1052	302	5.01	39.99	5.26	0.31	1648	1679323	62661	3.73	4749	7.58	84172	24976	20365	29.67	39.13	5311	21.26	4232	95	2296	1501	280	45	11	4	3823	90.34	3260	85.27	1628	42.58	+	0.5739	0.71871	0.47589	0.62433	
20131116_CCs_EV_A375_MEKi_30min_S02_12	MEK1	8	Trypsin/P	Specific			False	Acetyl (Protein N-term);Oxidation (M);Phospho (STY)		False	3	2	3		Arg6;Lys4	Arg10;Lys8	Standard		13392	88357	134364	18510	23840	92014	10586	8041	1994	551	7.88	43.44	8.36	0.6	2579	1720534	69445	4.04	5439	7.83	106253	32276	27725	30.38	37.36	7171	22.22	6133	99	2697	2836	409	75	12	5	5498	89.65	4657	84.7	2398	43.62	+	0.60218	0.73925	0.46698	0.6026	
20131116_CCs_EV_A375_MEKi_30min_S03_4_5_6	MEK1	9	Trypsin/P	Specific			False	Acetyl (Protein N-term);Oxidation (M);Phospho (STY)		False	3	2	3		Arg6;Lys4	Arg10;Lys8	Standard		13077	90181	132307	21400	26655	84252	15043	11330	3006	707	11.37	52.94	11.28	0.84	3466	1806513	71063	3.93	4937	6.95	124046	37174	34457	29.97	35.22	7787	20.95	7447	99	2000	4009	1169	136	26	8	6571	88.24	5496	83.64	3422	52.08	+	0.59302	0.74237	0.42655	0.55804	
20131116_CCs_EV_A375_MEKi_30min_S07_8	MEK1	10	Trypsin/P	Specific			False	Acetyl (Protein N-term);Oxidation (M);Phospho (STY)		False	3	2	3		Arg6;Lys4	Arg10;Lys8	Standard		13823	88438	136089	14851	25936	95302	9892	7344	2144	404	7.27	49.45	8.27	0.42	2276	1824485	66878	3.67	3919	5.86	109176	31624	29783	28.97	34.2	6773	21.42	5202	17	739	2730	1437	234	35	10	4635	89.1	3919	84.55	2228	48.07	+	0.5827	0.72616	0.39736	0.5181	
20131116_CCs_EV_A375_MEKi_30min_S09_10_11	MEK1	11	Trypsin/P	Specific			False	Acetyl (Protein N-term);Oxidation (M);Phospho (STY)		False	3	2	3		Arg6;Lys4	Arg10;Lys8	Standard		13540	89692	145267	5631	28486	111150	3057	2094	862	101	2.1	37.19	3.03	0.09	757	2321217	66990	2.89	2969	4.43	113766	27010	25042	23.74	29.71	5366	19.87	2313	22	322	800	793	269	76	31	2035	87.98	1610	79.12	730	35.87	+	0.66118	0.83739	0.43113	0.58436	
20131116_CCs_EV_A375_MEKi_30min_S013_14	MEK1	12	Trypsin/P	Specific			False	Acetyl (Protein N-term);Oxidation (M);Phospho (STY)		False	3	2	3		Arg6;Lys4	Arg10;Lys8	Standard		16485	79744	126551	16912	16025	93614	6664	5960	571	133	5.27	35.24	3.56	0.14	1914	1480402	53363	3.6	4080	7.65	89685	25047	23665	27.93	34.03	5767	23.02	5834	50	1893	3259	574	44	12	2	5108	87.56	4224	82.69	2118	41.46	+	0.52674	0.66283	0.32851	0.4307	
20131116_CCs_EV_A375_MEKi_30min_S015	MEK1	13	Trypsin/P	Specific			False	Acetyl (Protein N-term);Oxidation (M);Phospho (STY)		False	3	2	3		Arg6;Lys4	Arg10;Lys8	Standard		17159	76727	127680	10398	15376	101906	3292	2922	297	73	2.58	28.1	1.93	0.07	1041	1527326	53425	3.5	3397	6.36	68909	19483	16846	28.27	38.31	4260	21.87	3263	40	1802	1175	215	22	7	2	2989	91.6	2561	85.68	1065	35.63	+	0.46821	0.57731	0.33798	0.43516	
20140207_KMJ_CCS_RAFi30min_V3_S01	RAF3	7	Trypsin/P	Specific			False	Acetyl (Protein N-term);Oxidation (M);Phospho (STY)		False	3	2	3		Arg6;Lys4	Arg10;Lys8	Standard		13906	86087	129033	17497	25644	85892	6256	5027	725	504	4.85	28.73	2.83	0.59	1200	1530249	61723	4.03	11184	18.12	87289	27357	20427	31.34	39.97	8792	32.14	5078	123	2609	1920	330	76	17	3	4407	86.79	3725	84.52	1368	31.04	+	0.69262	0.83798	0.59034	0.74156	
20140207_KMJ_CCS_RAFi30min_V3_S02_12	RAF3	8	Trypsin/P	Specific			False	Acetyl (Protein N-term);Oxidation (M);Phospho (STY)		False	3	2	3		Arg6;Lys4	Arg10;Lys8	Standard		11945	92269	130506	25289	28743	76474	10149	8614	1157	378	7.78	34.06	4.03	0.49	1878	1592043	69354	4.36	11265	16.24	106345	35047	28729	32.96	40.24	10783	30.77	7343	181	3324	3135	560	107	28	8	6287	85.62	5275	83.9	2144	34.1	+	0.64052	0.78208	0.50042	0.63742	
20140207_KMJ_CCS_RAFi30min_V3_S03_4_5_6	RAF3	9	Trypsin/P	Specific			False	Acetyl (Protein N-term);Oxidation (M);Phospho (STY)		False	3	2	3		Arg6;Lys4	Arg10;Lys8	Standard		11519	94583	122899	33308	32959	56632	21818	17688	3667	463	17.75	53.1	11.13	0.82	3959	1826155	73273	4.01	10642	14.52	149092	45037	41501	30.21	34.17	12700	28.2	11705	154	3364	6253	1676	205	40	13	9316	79.59	7517	80.69	4523	48.55	+	0.64738	0.80587	0.44836	0.58826	
20140207_KMJ_CCS_RAFi30min_V3_S07_8	RAF3	10	Trypsin/P	Specific			False	Acetyl (Protein N-term);Oxidation (M);Phospho (STY)		False	3	2	3		Arg6;Lys4	Arg10;Lys8	Standard		12093	92920	129321	21782	34737	72802	12073	9238	2652	183	9.34	42.41	7.63	0.25	2082	1697537	67906	4	9677	14.25	112143	35493	33358	31.65	36.35	11628	32.76	6862	43	906	3633	1927	312	35	6	5687	82.88	4709	82.8	2265	39.83	+	0.69592	0.85927	0.45464	0.57861	
20140207_KMJ_CCS_RAFi30min_V3_S09_10_11	RAF3	11	Trypsin/P	Specific			False	Acetyl (Protein N-term);Oxidation (M);Phospho (STY)		False	3	2	3		Arg6;Lys4	Arg10;Lys8	Standard		12010	94230	139665	9479	39316	90870	4575	3191	1280	104	3.28	33.66	3.26	0.11	969	1997979	70133	3.51	7731	11.02	111992	32881	30815	29.36	34.42	10074	30.64	3571	35	349	1185	1400	439	125	38	2926	81.94	2362	80.72	940	32.13	+	0.79563	0.9663	0.49726	0.63432	
20140207_KMJ_CCS_RAFi30min_V3_S013_14	RAF3	12	Trypsin/P	Specific			False	Acetyl (Protein N-term);Oxidation (M);Phospho (STY)		False	3	2	3		Arg6;Lys4	Arg10;Lys8	Standard		12238	92047	123834	35137	25123	63574	18206	15887	2033	286	14.7	45.21	8.09	0.45	3634	1556671	68233	4.38	9680	14.19	129441	41115	38829	31.76	36.6	11406	27.74	11814	146	3700	6469	1358	122	13	6	9557	80.9	7776	81.36	4189	43.83	+	0.72441	0.89052	0.46865	0.59342	
20140207_KMJ_CCS_RAFi30min_V3_S015	RAF3	13	Trypsin/P	Specific			False	Acetyl (Protein N-term);Oxidation (M);Phospho (STY)		False	3	2	3		Arg6;Lys4	Arg10;Lys8	Standard		13586	87042	129101	20786	24197	84118	6511	5773	584	154	5.04	27.77	2.41	0.18	1340	1426781	63453	4.45	9335	14.71	80360	28282	23473	35.19	45.33	8756	30.96	5611	98	3148	1944	333	64	18	6	4995	89.02	4306	86.21	1563	31.29	+	0.55814	0.68031	0.42573	0.53693	
20140210_KMJ_CCS_MEKi30min_V3_S01	MEK3	7	Trypsin/P	Specific			False	Acetyl (Protein N-term);Oxidation (M);Phospho (STY)		False	3	2	3		Arg6;Lys4	Arg10;Lys8	Standard		13907	86349	123909	20976	27813	75120	7674	6198	1076	400	6.19	29.55	3.87	0.53	1542	1536032	64299	4.19	10437	16.23	97395	32514	26643	33.38	42.15	9759	30.01	6353	274	3330	2279	347	99	21	3	5462	85.98	4652	85.17	1787	32.72	+	0.65844	0.81063	0.53931	0.69441	
20140210_KMJ_CCS_MEKi30min_V3_S02_12	MEK3	8	Trypsin/P	Specific			False	Acetyl (Protein N-term);Oxidation (M);Phospho (STY)		False	3	2	3		Arg6;Lys4	Arg10;Lys8	Standard		11545	93692	124442	30949	31993	61500	12903	10795	1759	349	10.37	34.88	5.5	0.57	2553	1699980	72456	4.26	10904	15.05	134756	43150	37662	32.02	37.76	11768	27.27	10309	414	5080	4068	617	108	17	5	8496	82.41	6973	82.07	2801	32.97	+	0.70186	0.87009	0.51914	0.6751	
20140210_KMJ_CCS_MEKi30min_V3_S03_4_5_6	MEK3	9	Trypsin/P	Specific			False	Acetyl (Protein N-term);Oxidation (M);Phospho (STY)		False	3	2	3		Arg6;Lys4	Arg10;Lys8	Standard		11419	95325	119711	38406	32533	48772	31334	25074	5697	563	26.17	65.29	17.51	1.15	6988	2032935	77186	3.8	9545	12.37	184656	52037	49417	28.18	31.56	12449	23.92	16018	451	6329	7622	1420	139	38	19	12088	75.47	9438	78.08	7370	60.97	+	0.46733	0.63786	0.32495	0.47382	
20140210_KMJ_CCS_MEKi30min_V3_S07_8	MEK3	10	Trypsin/P	Specific			False	Acetyl (Protein N-term);Oxidation (M);Phospho (STY)		False	3	2	3		Arg6;Lys4	Arg10;Lys8	Standard		11612	94563	126929	27533	34664	64732	20174	15709	4168	297	15.89	57.06	12.02	0.46	4431	1630897	71493	4.38	9855	13.78	126486	41864	40058	33.1	37.07	12375	29.56	9750	69	1522	5880	2017	241	18	3	8021	82.27	6531	81.42	4410	54.98	+	0.58874	0.75478	0.37546	0.50429	
20140210_KMJ_CCS_MEKi30min_V3_S09_10_11	MEK3	11	Trypsin/P	Specific			False	Acetyl (Protein N-term);Oxidation (M);Phospho (STY)		False	3	2	3		Arg6;Lys4	Arg10;Lys8	Standard		11725	95141	140727	10542	39013	91172	5412	3689	1589	134	3.85	34.99	4.07	0.15	1308	2073572	70448	3.4	7572	10.75	117506	33602	31765	28.6	33.29	9989	29.73	4300	23	537	1559	1577	448	112	44	3409	79.28	2644	77.56	1233	36.17	+	0.80861	1.0066	0.47122	0.6198	
20140210_KMJ_CCS_MEKi30min_V3_S013_14	MEK3	12	Trypsin/P	Specific			False	Acetyl (Protein N-term);Oxidation (M);Phospho (STY)		False	3	2	3		Arg6;Lys4	Arg10;Lys8	Standard		12026	92839	123752	35058	26868	61826	22036	18737	2976	323	17.81	53.45	11.08	0.52	5074	1579531	69467	4.4	9507	13.69	139717	42994	41226	30.77	34.41	12114	28.18	12669	195	4191	6745	1410	113	11	4	9946	78.51	7942	79.85	5169	51.97	+	0.6941	0.87134	0.45052	0.58989	
20140210_KMJ_CCS_MEKi30min_V3_S015	MEK3	13	Trypsin/P	Specific			False	Acetyl (Protein N-term);Oxidation (M);Phospho (STY)		False	3	2	3		Arg6;Lys4	Arg10;Lys8	Standard		12530	90539	128046	24549	28483	75014	8103	7121	824	158	6.33	29.01	2.89	0.21	1718	1457171	68522	4.7	10000	14.59	98890	35229	30200	35.62	44.72	10556	29.96	7025	169	3849	2535	357	91	19	5	6184	88.03	5328	86.16	1959	31.68	+	0.66938	0.80875	0.50606	0.64376	
20140211_KMJ_CCS_RAFi_V3_30min_P01	RAF3	1	Trypsin/P	Specific			False	Acetyl (Protein N-term);Oxidation (M)		False	3	2	3		Arg6;Lys4	Arg10;Lys8	Standard		13875	107710	124451	55042	35927	33482	59726	40604	16533	2589	47.99	73.77	46.02	7.73	25893	2311597	103148	4.46	1417	1.37	315683	87004	85105	27.56	29.9	3554	4.08	36089	2120	14655	14454	4037	745	70	8	25235	69.92	18333	72.65	18535	73.45	+	0.46631	0.64376	0.31045	0.46504	
20140211_KMJ_CCS_RAFi_V3_30min_P02	RAF3	2	Trypsin/P	Specific			False	Acetyl (Protein N-term);Oxidation (M)		False	3	2	3		Arg6;Lys4	Arg10;Lys8	Standard		22248	72436	94352	26072	24448	43832	10856	8772	1934	150	11.51	33.65	7.91	0.34	4015	1632988	64703	3.96	1610	2.49	126013	46108	43388	36.59	44.57	3466	7.52	13400	1408	6354	5053	563	22	0	0	10908	81.4	8625	79.07	4024	36.89	+	0.75397	0.94562	0.60966	0.80417	
20140211_KMJ_CCS_RAFi_V3_30min_P03	RAF3	3	Trypsin/P	Specific			False	Acetyl (Protein N-term);Oxidation (M)		False	3	2	3		Arg6;Lys4	Arg10;Lys8	Standard		34494	24776	40623	3962	4965	31696	196	177	19	0	0.48	4.47	0.38	0	122	1993798	17095	0.86	788	4.61	45142	7162	6506	15.87	27.19	1080	15.08	1604	114	704	701	79	6	0	0	1417	88.34	1200	84.69	125	8.82	+	0.50229	0.60393	0.41381	0.52445	
20140211_KMJ_CCS_RAFi_V3_30min_P04	RAF3	4	Trypsin/P	Specific			False	Acetyl (Protein N-term);Oxidation (M)		False	3	2	3		Arg6;Lys4	Arg10;Lys8	Standard		16180	97871	115540	50969	29233	35338	44669	31452	11181	2036	38.66	61.71	38.25	5.76	20360	1906015	91576	4.8	2029	2.22	230155	75302	73846	32.72	37.72	4163	5.53	30521	3178	20585	6124	611	19	4	0	22365	73.28	16912	75.62	14194	63.47	+	0.51257	0.70159	0.3345	0.4772	
20140211_KMJ_CCS_RAFi_V3_30min_P05	RAF3	5	Trypsin/P	Specific			False	Acetyl (Protein N-term);Oxidation (M)		False	3	2	3		Arg6;Lys4	Arg10;Lys8	Standard		17987	89488	108937	42207	27832	38898	27432	20966	5948	518	25.18	49.67	21.37	1.33	11829	2252353	82397	3.66	1902	2.31	221148	64619	63222	29.22	32.93	4668	7.22	23710	805	6901	14564	1361	74	5	0	17997	75.9	13588	75.5	9428	52.39	+	0.64513	0.82517	0.38514	0.5109	
20140211_KMJ_CCS_RAFi_V3_30min_P06	RAF3	6	Trypsin/P	Specific			False	Acetyl (Protein N-term);Oxidation (M)		False	3	2	3		Arg6;Lys4	Arg10;Lys8	Standard		18351	88575	114673	35193	27284	52196	24193	19539	4252	402	21.1	55.52	15.58	0.77	9526	2665030	78841	2.96	2105	2.67	243542	56726	55601	23.29	25.98	4794	8.45	21611	347	3273	9499	6559	1694	213	26	15112	69.93	11041	73.06	8778	58.09	+	0.6555	0.8252	0.35944	0.48129	
20140213_KMJ_CCS_MEKi_V3_30min_P01	MEK3	1	Trypsin/P	Specific			False	Acetyl (Protein N-term);Oxidation (M)		False	3	2	3		Arg6;Lys4	Arg10;Lys8	Standard		13848	107533	125332	52641	37093	35598	59309	39665	17165	2479	47.32	75.35	46.28	6.96	26814	2299768	102717	4.47	1482	1.44	306278	85428	83423	27.89	30.26	3817	4.47	34143	1754	13839	13705	3957	796	82	10	24334	71.27	17651	72.54	18370	75.49	+	0.45983	0.63756	0.30766	0.46148	
20140213_KMJ_CCS_MEKi_V3_30min_P02	MEK3	2	Trypsin/P	Specific			False	Acetyl (Protein N-term);Oxidation (M)		False	3	2	3		Arg6;Lys4	Arg10;Lys8	Standard		19718	81851	100607	31453	31638	37516	13443	9941	3337	165	13.36	31.61	10.55	0.44	5277	2013471	75638	3.76	1831	2.42	182742	58209	54464	31.85	37.65	3858	6.63	18868	2203	8801	6858	956	45	3	2	14289	75.73	10550	73.83	4680	32.75	+	0.81187	1.0028	0.66023	0.85327	
20140213_KMJ_CCS_MEKi_V3_30min_P03	MEK3	3	Trypsin/P	Specific			False	Acetyl (Protein N-term);Oxidation (M)		False	3	2	3		Arg6;Lys4	Arg10;Lys8	Standard		25577	58662	83647	18006	15659	49982	1536	1368	161	7	1.84	7.6	1.03	0.01	853	1947316	48662	2.5	1516	3.12	85140	29033	27620	34.1	46.34	3722	12.82	7405	258	3270	3436	429	12	0	0	6645	89.74	5759	86.67	903	13.59	+	0.63756	0.77207	0.48293	0.6026	
20140213_KMJ_CCS_MEKi_V3_30min_P04	MEK3	4	Trypsin/P	Specific			False	Acetyl (Protein N-term);Oxidation (M)		False	3	2	3		Arg6;Lys4	Arg10;Lys8	Standard		15730	100610	116956	52704	31560	32692	50953	35157	13461	2335	43.57	66.71	42.65	7.14	23769	1762270	94865	5.38	1952	2.06	234741	79208	77606	33.74	38.72	4136	5.22	32029	3591	21075	6700	619	37	6	1	23654	73.85	17812	75.3	16051	67.86	+	0.49027	0.68142	0.32635	0.4734	
20140213_KMJ_CCS_MEKi_V3_30min_P05	MEK3	5	Trypsin/P	Specific			False	Acetyl (Protein N-term);Oxidation (M)		False	3	2	3		Arg6;Lys4	Arg10;Lys8	Standard		15600	99346	119408	46988	32290	40130	41839	29644	10950	1245	35.04	63.09	33.91	3.1	17533	2020454	92372	4.57	1849	2	241393	73622	71466	30.5	34.22	4817	6.54	27705	2120	8713	15060	1669	128	14	1	20452	73.82	15337	74.99	12954	63.34	+	0.46014	0.62903	0.29336	0.4287	
20140213_KMJ_CCS_MEKi_V3_30min_P06	MEK3	6	Trypsin/P	Specific			False	Acetyl (Protein N-term);Oxidation (M)		False	3	2	3		Arg6;Lys4	Arg10;Lys8	Standard		16356	96828	124091	36842	32723	54526	32203	24324	7173	706	25.95	66.02	21.92	1.29	12468	2514830	86989	3.46	2096	2.41	255426	63514	62126	24.87	27.16	5003	7.88	22541	349	3410	9495	6996	1974	274	43	16190	71.82	11777	72.74	10796	66.68	+	0.50652	0.67634	0.29581	0.43044	
20140214_CCS_EV_A375_MEKi_30min_v4_P01	MEK4	1	Trypsin/P	Specific			False	Acetyl (Protein N-term);Oxidation (M)		False	3	2	3		Arg6;Lys4	Arg10;Lys8	Standard		13635	107709	125361	52842	37215	35304	58231	38480	17024	2727	46.45	72.82	45.74	7.72	25044	2273282	102837	4.52	1745	1.7	297323	85077	82935	28.61	31.38	4428	5.2	33525	2507	14913	12647	2943	473	35	7	23789	70.96	17427	73.26	17339	72.89	+	0.46494	0.64068	0.31406	0.46278	
20140214_CCS_EV_A375_MEKi_30min_v4_P02	MEK4	2	Trypsin/P	Specific			False	Acetyl (Protein N-term);Oxidation (M)		False	3	2	3		Arg6;Lys4	Arg10;Lys8	Standard		21612	74363	98542	22471	27713	48358	4193	3269	845	79	4.26	14.55	3.05	0.16	1733	1816761	65498	3.61	2313	3.53	140915	45179	41639	32.06	39.23	4074	9.02	12504	2114	6952	3125	283	25	4	1	9573	76.56	7268	75.92	1483	15.49	+	0.63322	0.78696	0.47557	0.63831	
20140214_CCS_EV_A375_MEKi_30min_v4_P03	MEK4	3	Trypsin/P	Specific			False	Acetyl (Protein N-term);Oxidation (M)		False	3	2	3		Arg6;Lys4	Arg10;Lys8	Standard		29339	44210	63381	13166	11873	38342	1409	1299	104	6	2.22	9.87	0.88	0.02	739	1437736	38224	2.66	951	2.49	70790	21755	20513	30.73	42.74	2916	13.4	5094	73	1574	2933	500	13	1	0	4707	92.4	4182	88.85	797	16.93	+	0.62939	0.76838	0.53756	0.6741	
20140214_CCS_EV_A375_MEKi_30min_v4_P04	MEK4	4	Trypsin/P	Specific			False	Acetyl (Protein N-term);Oxidation (M)		False	3	2	3		Arg6;Lys4	Arg10;Lys8	Standard		15694	99674	117032	51462	30854	34716	47016	32431	12456	2129	40.17	63.02	40.37	6.13	22175	1971589	92753	4.7	2213	2.39	247178	77132	75285	31.21	36.82	4498	5.83	31397	4030	20744	6037	571	14	1	0	22624	72.06	17137	75.75	14503	64.1	+	0.51048	0.69559	0.34402	0.49003	
20140214_CCS_EV_A375_MEKi_30min_v4_P05	MEK4	5	Trypsin/P	Specific			False	Acetyl (Protein N-term);Oxidation (M)		False	3	2	3		Arg6;Lys4	Arg10;Lys8	Standard		15347	99844	117581	49711	32396	35474	42727	30482	11022	1223	36.34	61.32	34.02	3.45	17767	2062650	93564	4.54	2117	2.26	241435	75873	73976	31.43	34.74	5504	7.25	27753	1625	9836	14693	1527	71	1	0	21044	75.83	16183	76.9	13112	62.31	+	0.47351	0.64352	0.31818	0.45748	
20140214_CCS_EV_A375_MEKi_30min_v4_P06	MEK4	6	Trypsin/P	Specific			False	Acetyl (Protein N-term);Oxidation (M)		False	3	2	3		Arg6;Lys4	Arg10;Lys8	Standard		16459	95806	120907	40618	30087	50202	33719	26128	6810	781	27.89	64.33	22.63	1.56	12592	2415903	87626	3.63	1951	2.23	246689	64646	63406	26.21	28.87	5416	8.38	22986	255	4319	10221	6461	1518	184	28	17141	74.57	12978	75.71	11278	65.8	+	0.45292	0.61407	0.27761	0.41121	
20140214_CCS_EV_A375_MEKi_30min_v4_S01	MEK4	7	Trypsin/P	Specific			False	Acetyl (Protein N-term);Oxidation (M);Phospho (STY)		False	3	2	3		Arg6;Lys4	Arg10;Lys8	Standard		14286	85735	130974	16730	23766	90478	9236	7043	1440	753	7.05	42.1	6.06	0.83	2197	1618825	70626	4.36	5439	7.7	96333	32498	26264	33.74	40.47	6048	18.61	6202	190	3403	2241	304	53	10	1	5504	88.75	4619	83.92	2386	43.35	+	0.51815	0.6399	0.41044	0.52872	
20140214_CCS_EV_A375_MEKi_30min_v4_S02_12	MEK4	8	Trypsin/P	Specific			False	Acetyl (Protein N-term);Oxidation (M);Phospho (STY)		False	3	2	3		Arg6;Lys4	Arg10;Lys8	Standard		12735	90577	134528	20818	25808	87902	10289	8186	1548	555	7.65	39.32	6	0.63	2610	1643081	76011	4.63	4781	6.29	115067	38316	32750	33.3	38.97	6562	17.13	7930	198	3743	3480	421	69	11	8	6956	87.72	5819	83.65	2682	38.56	+	0.55322	0.69327	0.41557	0.54994	
20140214_CCS_EV_A375_MEKi_30min_v4_S03_4_5_6	MEK4	9	Trypsin/P	Specific			False	Acetyl (Protein N-term);Oxidation (M);Phospho (STY)		False	3	2	3		Arg6;Lys4	Arg10;Lys8	Standard		12392	92226	134867	21866	27719	85282	15201	11522	3024	655	11.27	52.69	10.91	0.77	3791	1748526	76105	4.35	3537	4.65	126437	41689	38561	32.97	37.49	6369	15.28	8881	142	2982	4726	904	92	26	9	7654	86.18	6289	82.17	3967	51.83	+	0.54074	0.69943	0.37463	0.51416	
20140214_CCS_EV_A375_MEKi_30min_v4_S07_8	MEK4	10	Trypsin/P	Specific			False	Acetyl (Protein N-term);Oxidation (M);Phospho (STY)		False	3	2	3		Arg6;Lys4	Arg10;Lys8	Standard		12765	91472	138251	16054	28639	93558	10507	7733	2339	435	7.6	48.17	8.17	0.46	2535	1786891	73554	4.12	3342	4.54	113322	36754	34331	32.43	37.35	6334	17.23	6328	62	1186	3424	1447	186	19	4	5552	87.74	4607	82.98	2613	47.06	+	0.53129	0.67412	0.35967	0.47936	
20140214_CCS_EV_A375_MEKi_30min_v4_S09_10_11	MEK4	11	Trypsin/P	Specific			False	Acetyl (Protein N-term);Oxidation (M);Phospho (STY)		False	3	2	3		Arg6;Lys4	Arg10;Lys8	Standard		12694	92456	147619	7943	29350	110326	4371	3028	1172	171	2.96	38.12	3.99	0.15	1201	2062450	71851	3.48	2243	3.12	106816	31479	29459	29.47	35.04	4857	15.43	3568	29	542	1442	1132	313	88	22	3043	85.29	2407	79.1	1112	36.54	+	0.63508	0.78554	0.3999	0.52894	
20140214_CCS_EV_A375_MEKi_30min_v4_S013_14	MEK4	12	Trypsin/P	Specific			False	Acetyl (Protein N-term);Oxidation (M);Phospho (STY)		False	3	2	3		Arg6;Lys4	Arg10;Lys8	Standard		12770	90690	131976	25475	23929	82572	14600	12051	2131	418	11.06	47.31	8.91	0.51	4043	1536206	72453	4.72	3083	4.26	123827	42123	39787	34.02	38.92	6069	14.41	10221	60	3301	5683	1095	73	8	1	8844	86.53	7401	83.68	4272	48.3	+	0.60675	0.75393	0.40746	0.53097	
20140214_CCS_EV_A375_MEKi_30min_v4_S015	MEK4	13	Trypsin/P	Specific			False	Acetyl (Protein N-term);Oxidation (M);Phospho (STY)		False	3	2	3		Arg6;Lys4	Arg10;Lys8	Standard		12694	90239	132457	21737	26284	84436	8734	7464	996	274	6.59	34.34	3.79	0.32	2471	1473215	75143	5.1	4341	5.78	110052	40200	34788	36.53	43.55	6101	15.18	8640	236	5337	2706	306	43	9	3	7648	88.52	6386	83.5	2838	37.11	+	0.55429	0.68117	0.40645	0.52069	
20140214_KMJ_CCS_ERKi_V3_30min_P01	ERK3	1	Trypsin/P	Specific			False	Acetyl (Protein N-term);Oxidation (M)		False	3	2	3		Arg6;Lys4	Arg10;Lys8	Standard		13897	107281	124588	52472	37500	34616	59594	39617	17476	2501	47.83	75.5	46.6	7.22	26273	2342212	102688	4.38	1495	1.46	308017	85654	83561	27.81	30.29	3854	4.5	33638	1762	13225	13825	3961	785	67	13	24003	71.36	17543	73.09	18074	75.3	+	0.46107	0.64131	0.31026	0.46674	
20140214_KMJ_CCS_ERKi_V3_30min_P02	ERK3	2	Trypsin/P	Specific			False	Acetyl (Protein N-term);Oxidation (M)		False	3	2	3		Arg6;Lys4	Arg10;Lys8	Standard		19792	81233	101803	29432	31197	41174	10543	7861	2530	152	10.36	26.71	8.11	0.37	4300	1957173	74323	3.8	1920	2.58	176485	55680	51585	31.55	37.79	4056	7.28	16943	2142	8244	5843	680	33	0	1	13141	77.56	9874	75.14	3810	28.99	+	0.79311	0.98892	0.64205	0.83638	
20140214_KMJ_CCS_ERKi_V3_30min_P03	ERK3	3	Trypsin/P	Specific			False	Acetyl (Protein N-term);Oxidation (M)		False	3	2	3		Arg6;Lys4	Arg10;Lys8	Standard		25041	61202	85853	19003	17532	49318	1567	1388	169	10	1.83	7.3	0.96	0.02	870	1732618	51399	2.97	1504	2.93	91232	31382	29722	34.4	46.9	3943	12.56	7686	218	3293	3690	470	15	0	0	6980	90.81	6116	87.62	915	13.11	+	0.63713	0.76489	0.49951	0.61803	
20140214_KMJ_CCS_ERKi_V3_30min_P04	ERK3	4	Trypsin/P	Specific			False	Acetyl (Protein N-term);Oxidation (M)		False	3	2	3		Arg6;Lys4	Arg10;Lys8	Standard		16088	98696	116407	49618	31361	35428	45892	31537	12332	2023	39.42	63.56	39.32	5.71	21108	1780228	91916	5.16	2201	2.39	224288	75386	73763	33.61	38.48	4555	6.04	29190	3123	19325	6158	543	34	4	3	21787	74.64	16633	76.34	14158	64.98	+	0.49621	0.68368	0.32817	0.472	
20140214_KMJ_CCS_ERKi_V3_30min_P05	ERK3	5	Trypsin/P	Specific			False	Acetyl (Protein N-term);Oxidation (M)		False	3	2	3		Arg6;Lys4	Arg10;Lys8	Standard		15238	100848	122730	46252	32710	43768	41218	28967	10964	1287	33.58	62.63	33.52	2.94	17073	2031771	92906	4.57	2157	2.32	234765	72600	70432	30.92	34.57	5421	7.47	25942	1697	8225	14403	1505	105	6	1	19617	75.62	14915	76.03	12410	63.26	+	0.46228	0.62886	0.29818	0.42951	
20140214_KMJ_CCS_ERKi_V3_30min_P06	ERK3	6	Trypsin/P	Specific			False	Acetyl (Protein N-term);Oxidation (M)		False	3	2	3		Arg6;Lys4	Arg10;Lys8	Standard		16670	95577	124164	35041	31945	57178	27023	20663	5811	549	21.76	58.97	18.19	0.96	10723	2541331	85483	3.36	2169	2.54	249525	60565	59114	24.27	26.62	5328	8.8	20948	323	3159	8849	6536	1762	270	49	15097	72.07	11127	73.7	9256	61.31	+	0.64426	0.81404	0.36897	0.5014	
20140214_KMJ_CCS_ERKi30min_V3_S01	ERK3	7	Trypsin/P	Specific			False	Acetyl (Protein N-term);Oxidation (M);Phospho (STY)		False	3	2	3		Arg6;Lys4	Arg10;Lys8	Standard		14989	82843	120028	19894	25760	74374	7315	5856	1075	384	6.09	29.44	4.17	0.52	1290	1615401	57342	3.55	11322	19.74	84940	26853	21191	31.61	40.88	9808	36.52	4840	114	2437	1853	332	81	14	9	4274	88.31	3743	87.58	1341	31.38	+	0.64802	0.77364	0.54862	0.68698	
20140214_KMJ_CCS_ERKi30min_V3_S02_12	ERK3	8	Trypsin/P	Specific			False	Acetyl (Protein N-term);Oxidation (M);Phospho (STY)		False	3	2	3		Arg6;Lys4	Arg10;Lys8	Standard		12007	92006	124161	29920	29927	64314	12179	10413	1419	347	9.81	34.8	4.74	0.54	2254	1624944	69272	4.26	12278	17.72	115908	38581	32451	33.29	39.9	12707	32.94	8561	141	3985	3752	539	107	26	11	7346	85.81	6190	84.26	2527	34.4	+	0.61144	0.74364	0.46819	0.59883	
20140214_KMJ_CCS_ERKi30min_V3_S03_4_5_6	ERK3	9	Trypsin/P	Specific			False	Acetyl (Protein N-term);Oxidation (M);Phospho (STY)		False	3	2	3		Arg6;Lys4	Arg10;Lys8	Standard		11555	94388	120353	34951	33472	51930	21478	17264	3787	427	17.85	49.39	11.31	0.82	4079	1921071	74032	3.85	10990	14.84	154058	46484	43072	30.17	34.34	13685	29.44	11989	131	3637	6390	1577	188	48	18	9648	80.47	7745	80.28	4486	46.5	+	0.66419	0.82867	0.45383	0.59106	
20140214_KMJ_CCS_ERKi30min_V3_S07_8	ERK3	10	Trypsin/P	Specific			False	Acetyl (Protein N-term);Oxidation (M);Phospho (STY)		False	3	2	3		Arg6;Lys4	Arg10;Lys8	Standard		11773	93440	124719	24072	38085	62562	11935	9513	2279	143	9.57	39.52	5.98	0.23	2260	1765062	71604	4.06	10312	14.4	126831	40310	37635	31.78	36.57	13253	32.88	7805	53	1009	4232	2116	345	38	12	6469	82.88	5293	81.82	2490	38.49	+	0.68642	0.8395	0.43826	0.55196	
20140214_KMJ_CCS_ERKi30min_V3_S09_10_11	ERK3	11	Trypsin/P	Specific			False	Acetyl (Protein N-term);Oxidation (M);Phospho (STY)		False	3	2	3		Arg6;Lys4	Arg10;Lys8	Standard		11550	95113	140020	9946	40260	89814	4407	3106	1165	136	3.15	31.23	2.89	0.15	945	1896213	72211	3.81	8323	11.53	109381	32918	30479	30.09	35.27	10956	33.28	3470	23	328	1201	1325	447	116	30	2905	83.72	2326	80.07	941	32.39	+	0.70837	0.85957	0.41906	0.53098	
20140214_KMJ_CCS_ERKi30min_V3_S013_14	ERK3	12	Trypsin/P	Specific			False	Acetyl (Protein N-term);Oxidation (M);Phospho (STY)		False	3	2	3		Arg6;Lys4	Arg10;Lys8	Standard		12080	92105	122293	35272	26629	60392	13955	12445	1375	135	11.41	35.28	5.16	0.22	3095	1525572	68446	4.49	9877	14.43	129360	42153	39767	32.59	37.61	12764	30.28	11468	78	3231	6376	1615	146	16	6	9479	82.66	7791	82.19	3488	36.8	+	0.68823	0.84323	0.4464	0.56175	
20140214_KMJ_CCS_ERKi30min_V3_S015	ERK3	13	Trypsin/P	Specific			False	Acetyl (Protein N-term);Oxidation (M);Phospho (STY)		False	3	2	3		Arg6;Lys4	Arg10;Lys8	Standard		12507	90218	121826	29362	29236	63228	11087	9708	1128	251	9.1	33.06	3.86	0.4	2179	1575098	67733	4.3	11204	16.54	110922	37987	32653	34.25	41.97	11824	31.13	8703	110	4839	3174	450	94	25	11	7453	85.64	6327	84.89	2533	33.99	+	0.58958	0.72411	0.45211	0.58009	
20140320_CCS_EV_A375_RAFi_30min_v4_P01	RAF4	1	Trypsin/P	Specific			False	Acetyl (Protein N-term);Oxidation (M)		False	3	2	3		Arg6;Lys4	Arg10;Lys8	Standard		13715	107389	125099	52224	37455	35420	54214	36434	15431	2349	43.34	69.76	41.2	6.63	23579	2505814	102455	4.09	1783	1.74	332763	85171	82586	25.6	28.32	3863	4.54	35721	3120	14834	13577	3529	595	60	6	24095	67.45	17216	71.45	16714	69.37	+	0.48369	0.66312	0.31682	0.47119	
20140320_CCS_EV_A375_RAFi_30min_v4_P02	RAF4	2	Trypsin/P	Specific			False	Acetyl (Protein N-term);Oxidation (M)		False	3	2	3		Arg6;Lys4	Arg10;Lys8	Standard		21452	75057	97460	22765	29889	44806	4693	3624	992	77	4.82	15.92	3.32	0.17	1647	2175234	66843	3.07	2384	3.57	162002	47296	43355	29.19	37.26	4059	8.58	13796	2691	7831	2965	283	24	2	0	9971	72.27	7295	73.16	1555	15.6	+	0.70128	0.88454	0.55027	0.7612	
20140320_CCS_EV_A375_RAFi_30min_v4_P03	RAF4	3	Trypsin/P	Specific			False	Acetyl (Protein N-term);Oxidation (M)		False	3	2	3		Arg6;Lys4	Arg10;Lys8	Standard		26985	53285	73866	17760	14944	41162	2358	2108	241	9	3.19	11.87	1.61	0.02	1071	1966179	46808	2.38	1309	2.8	91367	28454	27088	31.14	43.68	3617	12.71	7177	99	2491	4098	483	5	1	0	6532	91.01	5645	86.42	1212	18.55	+	0.72753	0.87982	0.59843	0.74825	
20140320_CCS_EV_A375_RAFi_30min_v4_P04	RAF4	4	Trypsin/P	Specific			False	Acetyl (Protein N-term);Oxidation (M)		False	3	2	3		Arg6;Lys4	Arg10;Lys8	Standard		16417	97431	112450	51818	30594	30038	43689	30675	11136	1878	38.85	59.2	36.4	6.25	20114	2114176	90919	4.3	2702	2.97	267515	76643	74483	28.65	34.27	4611	6.02	34062	5405	22288	5911	441	14	3	0	23192	68.09	16919	72.95	13970	60.24	+	0.51696	0.70947	0.34425	0.50144	
20140320_CCS_EV_A375_RAFi_30min_v4_P05	RAF4	5	Trypsin/P	Specific			False	Acetyl (Protein N-term);Oxidation (M)		False	3	2	3		Arg6;Lys4	Arg10;Lys8	Standard		15511	99602	117553	47909	33742	35902	37152	26570	9656	926	31.6	55.46	28.62	2.58	15090	2284289	92830	4.06	2557	2.75	271564	75006	72402	27.62	30.97	5370	7.16	28982	2686	10313	14760	1185	37	1	0	20673	71.33	15217	73.61	11563	55.93	+	0.59586	0.78167	0.39109	0.55222	
20140320_CCS_EV_A375_RAFi_30min_v4_P06	RAF4	6	Trypsin/P	Specific			False	Acetyl (Protein N-term);Oxidation (M)		False	3	2	3		Arg6;Lys4	Arg10;Lys8	Standard		16636	95596	123068	36342	31782	54944	20130	15648	4087	395	16.36	43.06	12.86	0.72	8037	2646097	86871	3.28	2387	2.75	255668	61622	59892	24.1	26.79	5426	8.81	21243	525	4217	8920	5875	1480	195	31	15517	73.05	11518	74.23	7163	46.16	+	0.74155	0.92262	0.42986	0.57265	
20140320_CCS_EV_A375_RAFi_30min_v4_S01	RAF4	7	Trypsin/P	Specific			False	Acetyl (Protein N-term);Oxidation (M);Phospho (STY)		False	3	2	3		Arg6;Lys4	Arg10;Lys8	Standard		14233	86116	126878	21091	24263	81524	10959	8683	1752	524	8.64	41.17	7.22	0.64	2503	1814328	71558	3.94	5073	7.09	109615	36493	31562	33.29	40.39	6717	18.41	7859	301	4353	2620	435	112	24	14	6954	88.48	5806	83.49	2875	41.34	+	0.56774	0.70761	0.45441	0.59648	
20140320_CCS_EV_A375_RAFi_30min_v4_S02_12	RAF4	8	Trypsin/P	Specific			False	Acetyl (Protein N-term);Oxidation (M);Phospho (STY)		False	3	2	3		Arg6;Lys4	Arg10;Lys8	Standard		12879	90128	129842	23792	26622	79428	10403	8495	1523	385	8.01	35.71	5.72	0.48	2528	1827221	75720	4.14	4784	6.32	129125	41220	36697	31.92	37.75	7068	17.15	9255	316	4522	3771	532	88	20	6	7983	86.26	6583	82.46	2731	34.21	+	0.62043	0.77393	0.48445	0.6438	
20140320_CCS_EV_A375_RAFi_30min_v4_S03_4_5_6	RAF4	9	Trypsin/P	Specific			False	Acetyl (Protein N-term);Oxidation (M);Phospho (STY)		False	3	2	3		Arg6;Lys4	Arg10;Lys8	Standard		12452	91810	129283	25488	28849	74946	15672	12285	2846	541	12.12	48.2	9.87	0.72	4060	1980479	77157	3.9	3748	4.86	147580	45791	43299	31.03	35.44	6826	14.91	10755	211	3764	5390	1219	137	21	13	9027	83.93	7345	81.37	4259	47.18	+	0.6084	0.76213	0.42226	0.55685	
20140320_CCS_EV_A375_RAFi_30min_v4_S07_8	RAF4	10	Trypsin/P	Specific			False	Acetyl (Protein N-term);Oxidation (M);Phospho (STY)		False	3	2	3		Arg6;Lys4	Arg10;Lys8	Standard		13079	90471	133349	17871	29722	85756	9926	7740	1875	311	7.44	43.31	6.31	0.36	2557	2034019	74198	3.65	3379	4.55	126156	39121	37153	31.01	36.15	6738	17.22	7132	31	1176	3793	1825	274	27	6	6209	87.06	5111	82.32	2681	43.18	+	0.60554	0.75471	0.40427	0.52352	
20140320_CCS_EV_A375_RAFi_30min_v4_S09_10_11	RAF4	11	Trypsin/P	Specific			False	Acetyl (Protein N-term);Oxidation (M);Phospho (STY)		False	3	2	3		Arg6;Lys4	Arg10;Lys8	Standard		14508	87399	141185	6847	26766	107572	3766	2595	1048	123	2.67	37.9	3.92	0.11	1094	2308736	65209	2.82	2601	3.99	109125	27188	25820	24.91	30.03	4733	17.41	3001	20	326	1181	1053	321	72	28	2563	85.4	2028	79.13	959	37.42	+	0.66669	0.808	0.3892	0.49871	
20140320_CCS_EV_A375_RAFi_30min_v4_S013_14	RAF4	12	Trypsin/P	Specific			False	Acetyl (Protein N-term);Oxidation (M);Phospho (STY)		False	3	2	3		Arg6;Lys4	Arg10;Lys8	Standard		14168	86399	123470	25751	23577	74142	11790	10207	1353	230	9.55	39.64	5.74	0.31	3542	1769562	69353	3.92	3031	4.37	132667	41965	40265	31.63	37.69	5807	13.84	10737	148	3560	5736	1201	81	9	2	9152	85.24	7407	80.93	3921	42.84	+	0.65089	0.81111	0.42514	0.55222	
20140320_CCS_EV_A375_RAFi_30min_v4_S015	RAF4	13	Trypsin/P	Specific			False	Acetyl (Protein N-term);Oxidation (M);Phospho (STY)		False	3	2	3		Arg6;Lys4	Arg10;Lys8	Standard		14412	85072	127443	19877	22824	84742	5973	5339	516	118	4.69	26.86	2.26	0.14	1784	1601573	68479	4.28	3726	5.44	101656	35415	31632	34.84	44.44	5316	15.01	7579	203	4511	2452	321	64	20	8	6792	89.62	5702	83.95	2125	31.29	+	0.55069	0.66034	0.41986	0.53637	
20140515_CCS_JL_ERKi_30min_V5_P1	ERK5	1	Trypsin/P	Specific			False	Acetyl (Protein N-term);Oxidation (M)		False	3	2	3		Arg6;Lys4	Arg10;Lys8	Standard		13460	108262	126091	52884	37549	35658	59485	38900	18089	2496	47.18	73.56	48.17	7	26747	2561130	103837	4.05	1245	1.2	365599	86826	83955	23.75	26.87	3242	3.73	39112	4067	15668	14710	3915	683	60	9	25652	65.59	17879	69.7	18782	73.22	+	0.46836	0.64346	0.31772	0.46966	
20140515_CCS_JL_ERKi_30min_V5_P2	ERK5	2	Trypsin/P	Specific			False	Acetyl (Protein N-term);Oxidation (M)		False	3	2	3		Arg6;Lys4	Arg10;Lys8	Standard		21346	74953	102303	18831	28772	54700	3082	2355	656	71	3.01	12.51	2.28	0.13	1239	2008010	64952	3.23	2751	4.24	161693	42031	36860	25.99	37.41	4746	11.29	11744	3791	6557	1296	87	11	2	0	7913	67.38	5977	75.53	1053	13.31	+	0.5612	0.68743	0.39876	0.52936	
20140515_CCS_JL_ERKi_30min_V5_P3	ERK5	3	Trypsin/P	Specific			False	Acetyl (Protein N-term);Oxidation (M)		False	3	2	3		Arg6;Lys4	Arg10;Lys8	Standard		23596	65282	88460	20069	22035	46356	4382	3595	757	30	4.95	17.91	3.44	0.06	1728	1775122	56854	3.2	2440	4.29	126765	35754	33316	28.2	37.12	5247	14.68	8523	558	3841	3980	141	3	0	0	7525	88.29	6324	84.04	1897	25.21	+	0.58284	0.71983	0.46449	0.59258	
20140515_CCS_JL_ERKi_30min_V5_P4	ERK5	4	Trypsin/P	Specific			False	Acetyl (Protein N-term);Oxidation (M)		False	3	2	3		Arg6;Lys4	Arg10;Lys8	Standard		16493	96446	117358	43843	31691	41824	43203	27956	12745	2502	36.81	63.76	40.22	5.98	20489	2110823	88812	4.21	2362	2.66	277441	69958	67077	25.22	33.3	4897	7	31133	7241	19083	4626	174	9	0	0	19852	63.77	14364	72.36	12985	65.41	+	0.51573	0.7029	0.33978	0.48304	
20140515_CCS_JL_ERKi_30min_V5_P5	ERK5	5	Trypsin/P	Specific			False	Acetyl (Protein N-term);Oxidation (M)		False	3	2	3		Arg6;Lys4	Arg10;Lys8	Standard		15046	100733	125956	42228	33282	50446	40656	26586	12261	1809	32.28	62.96	36.84	3.59	16038	2383376	91145	3.82	2704	2.97	284450	68761	65745	24.17	28.51	5759	8.38	26785	3120	9534	13125	980	25	1	0	18410	68.73	13405	72.81	11768	63.92	+	0.48494	0.65836	0.31674	0.45096	
20140515_CCS_JL_ERKi_30min_V5_P6	ERK5	6	Trypsin/P	Specific			False	Acetyl (Protein N-term);Oxidation (M)		False	3	2	3		Arg6;Lys4	Arg10;Lys8	Standard		18450	88142	121165	29333	25786	66046	22028	16698	4731	599	18.18	56.93	18.35	0.91	7979	3064322	74170	2.42	4325	5.83	272173	46224	44536	16.98	19.68	7061	15.28	16795	1068	4513	7105	3464	599	42	4	11388	67.81	8312	72.99	6925	60.81	+	0.51918	0.67362	0.29886	0.41224	
20140515_CCS_JL_ERKi_30min_V5_S01	ERK5	7	Trypsin/P	Specific			False	Acetyl (Protein N-term);Oxidation (M);Phospho (STY)		False	3	2	3		Arg6;Lys4	Arg10;Lys8	Standard		12449	90924	125054	23094	33700	68260	9569	7250	1942	377	7.65	31.39	5.76	0.55	2752	1748256	79073	4.52	3309	4.18	161114	49806	43787	30.91	38.41	5543	11.13	10983	1010	6281	3021	506	133	29	3	9030	82.22	7060	78.18	2934	32.49	+	0.6866	0.8484	0.51403	0.66289	
20140515_CCS_JL_ERKi_30min_V5_S02_12	ERK5	8	Trypsin/P	Specific			False	Acetyl (Protein N-term);Oxidation (M);Phospho (STY)		False	3	2	3		Arg6;Lys4	Arg10;Lys8	Standard		12905	90033	132568	20390	27108	85070	7982	5983	1616	383	6.02	29.34	5.96	0.45	2346	1638626	72418	4.42	3473	4.8	134682	40502	35775	30.07	36.13	5547	13.7	9019	595	4451	3494	397	69	12	1	7422	82.29	5927	79.86	2179	29.36	+	0.69462	0.85804	0.49466	0.63631	
20140515_CCS_JL_ERKi_30min_V5_S03_4_5_6	ERK5	9	Trypsin/P	Specific			False	Acetyl (Protein N-term);Oxidation (M);Phospho (STY)		False	3	2	3		Arg6;Lys4	Arg10;Lys8	Standard		12284	92272	137773	18743	28028	91002	9531	7342	1936	253	6.92	39.17	6.91	0.28	2803	1781269	70879	3.98	2288	3.23	144886	41354	38652	28.54	33.74	4530	10.95	8905	350	3408	4481	601	54	9	2	7315	82.14	5767	78.84	2863	39.14	+	0.68244	0.85435	0.44956	0.58289	
20140515_CCS_JL_ERKi_30min_V5_S07_8	ERK5	10	Trypsin/P	Specific			False	Acetyl (Protein N-term);Oxidation (M);Phospho (STY)		False	3	2	3		Arg6;Lys4	Arg10;Lys8	Standard		12733	90674	138859	14608	27881	96370	5710	4273	1281	156	4.11	29.25	4.59	0.16	1713	1969865	70685	3.59	2548	3.6	136393	36698	34228	26.91	33.76	4824	13.15	6655	158	1793	3370	1154	156	23	1	5602	84.18	4429	79.06	1709	30.51	+	0.70837	0.86885	0.44827	0.56519	
20140515_CCS_JL_ERKi_30min_V5_S09_10_11	ERK5	11	Trypsin/P	Specific			False	Acetyl (Protein N-term);Oxidation (M);Phospho (STY)		False	3	2	3		Arg6;Lys4	Arg10;Lys8	Standard		13415	89816	151167	4317	24148	122702	1146	711	412	23	0.76	16.47	1.71	0.02	368	2606247	64005	2.46	1853	2.9	125169	24675	22533	19.71	25.13	3053	12.37	2124	52	545	750	572	151	41	13	1732	81.54	1336	77.14	301	17.38	+	0.85531	1.0665	0.49728	0.65855	
20140515_CCS_JL_ERKi_30min_V5_S013_14	ERK5	12	Trypsin/P	Specific			False	Acetyl (Protein N-term);Oxidation (M);Phospho (STY)		False	3	2	3		Arg6;Lys4	Arg10;Lys8	Standard		14919	83417	128315	17387	21132	89796	4570	4026	510	34	3.56	23.16	2.41	0.04	1575	1724231	58065	3.37	3262	5.62	122891	32144	29921	26.16	33.13	5423	16.87	6826	274	2651	3544	341	13	2	1	5862	85.88	4820	82.22	1666	28.42	+	0.66632	0.83057	0.41312	0.52684	
20140515_CCS_JL_ERKi_30min_V5_S015	ERK5	13	Trypsin/P	Specific			False	Acetyl (Protein N-term);Oxidation (M);Phospho (STY)		False	3	2	3		Arg6;Lys4	Arg10;Lys8	Standard		12957	88400	133941	16355	26504	91082	3785	3388	328	69	2.83	20.72	1.24	0.08	1312	1482265	68912	4.65	4306	6.25	106247	35022	29599	32.96	42.68	6113	17.45	6250	468	4107	1521	138	15	1	0	5467	87.47	4572	83.63	1398	25.57	+	0.47802	0.59036	0.33362	0.42687	
ERK1																																	52565																																
ERK1b																																	6545																																
ERK3																																	57944																																
ERK5																																	54340																																
MEK1																																	57877																																
MEK3																																	62142																																
MEK4																																	59476																																
RAF1																																	58078																																
RAF3																																	53224																																
RAF4																																	52718																																
Total																			2013282	10696346	14758673	3245732	3388147	8124794	2195844	1592330	525324	78190	14.88	49.06	15.5	0.96	95573	240264124					19791598	5610186	5259157	28.35	33.38	734799	13.1	1673590	127706	697427	654795	160581	28171	3992	918	1269882	75.88	964099	75.92	658301	51.84		0.53494	0.71412	0.35381	0.50265	
